21 0.42734375 0.7970174632082754 0.1421875 0.1852022226762454
21 0.6890625 0.2282275983541114 0.11875 0.13819086729005098
21 0.5453125 0.12817253531878658 0.1265625 0.14917381908544902
21 0.44375 0.19867541197861144 0.1171875 0.13974427693097136
21 0.38359375 0.35301293315404614 0.1359375 0.18047836123992678
21 0.56015625 0.3048213937300429 0.14375 0.19458631303532484
21 0.80078125 0.40934630902830416 0.1515625 0.18994426483072288
21 0.653125 0.4811435200952802 0.1546875 0.2071499455488821
21 0.4765625 0.5277725595192834 0.175 0.20883062021691715
21 0.2703125 0.5562601321207739 0.1421875 0.2211397226762452
21 0.60859375 0.6785406948615111 0.1625 0.18844539734428026