21 0.6736037308676688 0.7077907014242231 0.16518061416679294 0.19409654002227175
21 0.676005526439992 0.4492424047580867 0.11498062626704134 0.15913973734881742
21 0.6071913730455876 0.30313901674885985 0.10857609016268785 0.1325045120146357
21 0.5415385810875015 0.1633219914067239 0.1321590359079618 0.15777723201781738
21 0.4125096112399268 0.14072828138922472 0.11022040339440445 0.14658519334818113
21 0.2594618792921035 0.1522277607017711 0.12897040339440444 0.14680336935072652
21 0.20263568325224202 0.3210863013605897 0.13376698770335987 0.16560791335136288
21 0.1923486648072818 0.5670436913589988 0.17942492134838534 0.22551017202418072
21 0.3928759056338996 0.6599959020528157 0.1968396803253758 0.2647726666931806
21 0.5042759721852659 0.4722424580680878 0.1605567466803503 0.2049794960216353
21 0.42441068930236625 0.3064805507240428 0.13065107806243947 0.16713405068427195