21 0.31508204011137425 0.63046875 0.16685219847574845 0.2109375
21 0.4183620970965749 0.46953125 0.1542794756031114 0.1984375
21 0.5426439587292851 0.59296875 0.1544976442210224 0.2359375
21 0.4680565283057135 0.790625 0.155923788834828 0.2125
21 0.6445008536376784 0.8109375 0.149246541958086 0.1390625
21 0.6922576184684013 0.659375 0.14635789129415605 0.1796875
21 0.6582467537124332 0.4625 0.14641243344863392 0.1890625
21 0.5463739884889268 0.3546875 0.14952834308955404 0.1875
21 0.3997807896203949 0.30625 0.12432835518980259 0.153125
21 0.48884835568078183 0.17109375 0.11483518052176755 0.1328125
21 0.6500989521881815 0.2515625 0.12591812626704132 0.1578125