11 0.5068359672581398 0.554951676678863 0.6775690414544491 0.890096646642274
11 0.6541949619669106 0.25139525075585956 0.13926358935390812 0.15316245735199913
11 0.6325279526177751 0.36756514341976876 0.11851473734881743 0.11542610001590833
11 0.6132774186028211 0.47751230808399614 0.12661813868554467 0.1405170066836355
11 0.5907018899188674 0.6046106100811326 0.12202154535327185 0.14827496268299925
11 0.5679627292330046 0.7457714120782691 0.12694540268936266 0.16864200668363552
11 0.5458230052116875 0.9025663047421784 0.13177835335772628 0.1811965506842718
11 0.6824246712285502 0.7799202400938594 0.13942722135581712 0.16722495735199913
11 0.7051547412476402 0.6395406880967228 0.1329590453532717 0.14840223201781733
11 0.7199450419319122 0.5100077294318591 0.1219306386855445 0.14046246268299925
11 0.7377603452816842 0.3891048834340863 0.12340223201781733 0.13266814401654478