21 0.6627641766788631 0.08984375 0.10614200668363552 0.125
21 0.6982215133672712 0.25 0.14556813335454458 0.15625
21 0.5406539140276806 0.20390625 0.15363517202418073 0.178125
21 0.45852157200827237 0.0609375 0.1357931440165448 0.121875
21 0.367952210693817 0.2 0.16133858402290802 0.16875
21 0.40938737472149744 0.40390625 0.1900635680299077 0.2203125
21 0.2472231820496341 0.365625 0.17082267202418072 0.178125
21 0.19934130740767841 0.54765625 0.16159312269254428 0.190625
21 0.38559752808717784 0.6421875 0.16044879336408951 0.2265625
21 0.6019834073838158 0.371875 0.16324652936027134 0.1984375
21 0.645453786083678 0.61640625 0.24366128270208928 0.2609375