21 0.63984375 0.09182025608685965 0.1546875 0.17054995202099904
21 0.4703125 0.07031633139717888 0.1125 0.13099655601527202
21 0.32265625 0.11859819537713434 0.1109375 0.13722837468172658
21 0.28203125 0.2603129807049528 0.1265625 0.13897268801718105
21 0.33359375 0.42497546471195247 0.1484375 0.20016472668681723
21 0.50546875 0.2347879114019514 0.1546875 0.15648745202099903
21 0.69296875 0.33853217142740477 0.165625 0.2284897213558172
21 0.85859375 0.5045218927832219 0.140625 0.19694882001909003
21 0.71484375 0.651286710097041 0.1484375 0.17672722668681723
21 0.5171875 0.6372680214035423 0.1390625 0.21255563868554467
21 0.31796875 0.730262401376498 0.1796875 0.20990335335772628