11 0.3924944886853185 0.4820751391528567 0.7255121853935413 0.8979406555357038
11 0.5753519195998694 0.6075695219610016 0.16049311416679296 0.19311471662612104
11 0.4512922508837628 0.5809484555078311 0.12123971662612103 0.16007495764913066
11 0.35367236232008126 0.5752666029503073 0.10243517447164327 0.15059087334017515
11 0.2701922418085765 0.5562216871610669 0.08979881908544902 0.12708065046753808
11 0.19518769662903668 0.5574392743968886 0.07877041549465283 0.1113920179539809
11 0.1288087177062755 0.5531381146577723 0.07254768657189174 0.11604315651766246
11 0.17169967877325165 0.700539834603543 0.10077268052176747 0.13339428298109546
11 0.25757809143923416 0.710196114854164 0.0960215480082102 0.12242951190385672
11 0.3410036697962612 0.7386160306434044 0.10093630698520065 0.16151928298109547
11 0.4604576517440845 0.7512018681738137 0.16810562626704134 0.15878516842151918