21 0.27578125 0.275865255370771 0.1296875 0.18275905068427195
21 0.39765625 0.47259589938731567 0.1296875 0.19369655068427177
21 0.3546875 0.704908412714816 0.1921875 0.18817380402608955
21 0.55390625 0.6986327827418601 0.1203125 0.18577496268299926
21 0.68671875 0.540021946093223 0.1 0.15897610534690845
21 0.83671875 0.4831736041135857 0.1265625 0.16084768801718105
21 0.68203125 0.31652990209258663 0.1359375 0.16251927601845367
21 0.62890625 0.18700548675204154 0.096875 0.12925224267981758
21 0.53515625 0.12653960673931483 0.0984375 0.11364542401336304
21 0.47578125 0.28756746606458794 0.1234375 0.15924882535009016
21 0.4015625 0.13982885272117931 0.10625 0.12779883068109021