21 0.5855945280111259 0.5892393872533673 0.21528969847574828 0.2134283426957259
21 0.43574049463724684 0.43161888594050274 0.1621010659621911 0.20187267735518083
21 0.2630751542781672 0.43519042329727436 0.13540221057599683 0.17812609468490823
21 0.1653876089022357 0.30742959731063746 0.1102658551898025 0.15439769334818115
21 0.2872631297830828 0.17164554396086545 0.11475336729005096 0.12007723734881748
21 0.4590835876286051 0.1790205972708665 0.12888859016268786 0.13274086935072651
21 0.7415188377268009 0.240573525899141 0.11796927088084708 0.13573860001590835
21 0.7397194675098838 0.4155826165659137 0.15258062021691715 0.17676358935390812
21 0.6223693828081449 0.1763393979153675 0.13676472267624523 0.14376927601845368
21 0.5670046510567135 0.29338199458945813 0.17758971057599665 0.17861699069063527
21 0.34521600946796976 0.28111999395291126 0.1586033612399267 0.13777381468808994