11 0.4644004059284872 0.45825129889197297 0.7867213544042355 0.6764292698988885
11 0.271441267168414 0.5953160034178456 0.1353658491396783 0.17109427088084708
11 0.3940338846548566 0.5836649102300956 0.12113972267624522 0.1428874576491305
11 0.5112577460911751 0.5892331332991242 0.12423745159900648 0.13821813836728972
11 0.6347997852205907 0.6064837449318345 0.13377607806243946 0.16639768052176757
11 0.7606583032727674 0.6190332210259253 0.13211358411256366 0.14920109016268784
11 0.7645503968533008 0.4822871999486864 0.13358518052176754 0.13358518052176754
11 0.6441924450579029 0.4751746575978169 0.11794199980360816 0.13036927693097128
11 0.5324736950579029 0.47582461827200967 0.11476245764913066 0.12097609621281222
11 0.3111754119786114 0.4419546540817755 0.122684041958086 0.13977154800821018
11 0.20180495715815122 0.44337222921734876 0.10856699980360833 0.1303147347764936