21 0.43425846335931695 0.1939197342855143 0.11444540268936265 0.16784200585373243
21 0.5543715160327712 0.24461514675510507 0.1049067706874535 0.15372496369925476
21 0.6886652473742709 0.3055486224564124 0.11600790268936265 0.16785109621281205
21 0.8384123507319969 0.4860951613894362 0.1379919906906352 0.1773533612399268
21 0.6273583140913139 0.6762605773750684 0.19765789202736245 0.20269879488495235
21 0.5904561087284972 0.45887308947531685 0.11953289202736243 0.20224427693097127
21 0.43755782805536114 0.4103305294650541 0.13034312269254436 0.19137040944452863
21 0.30014764003818006 0.28297716822512736 0.12367495202099903 0.15539654800821018
21 0.20575384472467917 0.42851186114173084 0.1364658533577261 0.18046927088084708
21 0.2619600334181779 0.6264817285299777 0.1395544906906352 0.1773624515990065
21 0.4337548594445858 0.8219992824901162 0.17273061736154424 0.2088033491396782