11 0.553125 0.4428757628858153 0.834375 0.7392292517485158
11 0.7578125 0.5596536758463854 0.1484375 0.18211358411256368
11 0.63515625 0.5603672690341354 0.13125 0.15232609016268803
11 0.51875 0.5782320007855669 0.134375 0.14765677088084708
11 0.396875 0.607066048793777 0.146875 0.17741699375348396
11 0.2734375 0.6320029371610669 0.14375 0.1586488130353249
11 0.25625 0.49616543111094275 0.14375 0.14458631303532493
11 0.37578125 0.477501268641352 0.1265625 0.1397988190854491
11 0.48671875 0.467480853146699 0.1234375 0.13040563836728972
11 0.70390625 0.4115297932346322 0.1328125 0.14921018052176754
11 0.8125 0.40152301327859874 0.1171875 0.13818177693097128