21 0.38811871268299925 0.1225623638722054 0.1440783586887262 0.16332722267624522
21 0.5548062260104996 0.08056628229372449 0.10476132001909004 0.14122496369925477
21 0.7060783720162265 0.12363100194490759 0.10307155068427179 0.13027837334017517
21 0.7623567387014529 0.2606679145126942 0.12025905068427196 0.13037836729005098
21 0.7291549820575882 0.42843213143340286 0.1381374413589988 0.18985336123992677
21 0.5380834447008166 0.25467594798476906 0.1470033640197265 0.14615790339440443
21 0.3644743167170431 0.3731890777678519 0.1525090240292714 0.21649767447164336
21 0.21969017007476926 0.5520220840143677 0.12874426002545336 0.1882363190854491
21 0.37902990209258663 0.6841902102814093 0.13786472135581712 0.1664158612399266
21 0.5731975254216778 0.6540719599868217 0.12734539202736245 0.20228972872636958
21 0.7803020480983136 0.7287093873853312 0.16789766669318062 0.1962760780624393