21 0.18708599391314035 0.63984375 0.15061926002545337 0.1875
21 0.19553648261459328 0.38359375 0.12972495735199913 0.1375
21 0.28907903930618306 0.2 0.11860564401654469 0.121875
21 0.43471880331000107 0.171875 0.1299794960216353 0.159375
21 0.3870240012730937 0.44375 0.13176017202418072 0.178125
21 0.5723000719685014 0.23203125 0.1457499466899989 0.171875
21 0.7979449619669106 0.24375 0.13159654002227156 0.1640625
21 0.7301291112746846 0.43203125 0.13784654002227156 0.1640625
21 0.4748672572406406 0.6828125 0.19169879336408951 0.2265625
21 0.7343877079090042 0.6703125 0.13461245202099903 0.1546875
21 0.6052707305458692 0.88984375 0.19622266136218053 0.2125