21 0.41457350088376277 0.5811620789462022 0.18088742739850955 0.20729539129415606
21 0.2256200851927182 0.563512012394836 0.12946128278470379 0.23043290944452863
21 0.30028478366846656 0.352147265518094 0.1086124515990063 0.1381272347764936
21 0.43986088895646497 0.263056973560008 0.11639768052176755 0.13348518657189173
21 0.5172369760940908 0.12276779596510672 0.13366699375348395 0.14764768052176752
21 0.6349915817748727 0.29317067867505575 0.12429199375348396 0.1475931383672898
21 0.7586876361277947 0.38229174512822617 0.13673745159900647 0.1382908612399268
21 0.6107945159108775 0.5581462388817102 0.11970448770335977 0.16475336729005097
21 0.8288405339630541 0.5435968837901036 0.12441016842151917 0.16790563836728972
21 0.7629013956939602 0.7322553836919077 0.1322499394987581 0.17263859016268768
21 0.5957497362494315 0.861348506933887 0.16500789734428026 0.16345448770335977